charts:
  harness-delegate-ng:
  - version: 1.0.25
    appVersion: 25.05.85903
  - version: 1.0.31
    appVersion: 26.01.88200
